434.298
811.4
57.7597
4.59331
51.0696
 
701.512
826.308
50.8151
29.2727
87.2993
 
689.804
754.774
557.909
-111.314
127.617
 
636.336
673.055
245.754
27.1941
119.637
 
638.211
677.848
153.545
8.10082
40.4659
 
552.026
670.364
64.8214
-35.8592
82.4389
 
527.667
729.574
1793.9
322.43
399.202
 
519.533
715.772
236.795
100.54
206.343
 
515.874
713.621
76.288
6.57634
88.5819
 
539.917
787.171
378.565
-0.0526307
47.5496
 
699.324
1084.8
191.943
112.085
142.36
 
417.429
1188.45
421.631
221.087
133.287
 
369.311
723.063
237.491
25.2695
42.9942
 
375.144
835.048
213.273
-7.65619
14.4406
 
630.813
877.675
112.779
31.529
35.6033
 
686.862
611.444
261.833
101.234
72.0683
 
596.365
806.762
401.631
17.3467
12.2412
 
616.213
951.507
109.774
29.3871
42.3804
 
667.884
542.555
50.5075
6.42543
77.8123
 
698.841
1255.02
215.357
-32.8865
158.513
 
710.928
1264.5
70.0581
5.20279
32.596
 
630.62
1105.51
874.095
350.895
319.778
 
616.989
1066.51
160.809
22.0671
33.7317
 
162.358
791.674
6045.7
476.074
51.7858
 
162.398
767.868
939.243
-4.0658
9.87252
 
210.306
988.921
104.497
78.3595
80.743
 
696.287
1182.05
48.7109
2.88496
188.392
 
618.166
1267.14
65.5526
20.6463
110.993
 
625.279
1222.42
99.3801
2.59755
132.011
 
66.1732
980.55
48375.7
5779.2
2425.95
 
49.3136
1097.68
17987.2
2634.79
1352.06
 
36.316
1182.95
4889.88
966.907
710.937
 
9.78306
1258.42
216.604
50.2559
51.4447
 
407.259
1243.77
445.381
112.859
128.946
 
413.854
1244.15
79.796
57.3722
67.7604
 
680.874
202.747
141.33
-21.7799
69.5871
 
510.871
1035.8
6110.55
335.648
2427.8
 
461.194
908.427
109.253
83.4
93.6348
 
580.15
1037.76
186.805
17.9478
76.7723
 
430.442
957.402
261.129
106.045
171.602
 
556.795
911.57
67.4017
9.90575
63.8746
 
502.252
971.35
155.887
24.5139
93.0795
 
560.523
966.611
278.791
-42.1221
147.98
 
562.015
958.107
157.05
-1.62284
120.664
 
519.462
1096.79
1254.65
688.68
1616.42
 
553.109
1117.48
757.192
90.8974
406.237
 
568.748
1128.8
542.96
-70.5837
123.894
 
537.191
1094.89
275.909
-131.446
170.441
 
486.774
1065.32
325.205
-116.677
532.565
 
497.648
1064.03
67.4411
-26.8832
183.804
 
368.752
1030.94
1094.53
194.269
114.63
 
368.23
1017.77
179.606
14.3175
76.0467
 
376.179
1069.28
137.052
68.9473
72.9616
 
364.051
1148.67
794.909
125.093
53.7105
 
361.64
1121.82
112.396
24.6543
28.6027
 
243.478
611.851
1170.33
177.057
97.8499
 
272.459
702.748
666.859
-24.6295
237.969
 
282.094
711.468
114.525
-10.3536
54.02
 
258.067
710.241
932.612
71.6266
58.4384
 
269.433
804.789
762.322
127.16
32.8404
 
290.915
1013.64
354.177
98.0651
38.8192
 
342.433
867.547
3119.43
56.6502
140.806
 
340.907
934.578
369.416
7.05757
46.2927
 
342.865
934.271
259.584
-30.7681
22.2655
 
350.745
869.851
323.174
73.4745
102.482
 
351
867.047
64.1826
11.8895
58.8359
 
330.124
812.645
109.49
-9.95225
60.3425
 
428.69
615.624
2570.58
-256.061
247.9
 
432.2
568.494
87.5082
27.8116
170.936
 
443.261
619.58
257.675
16.2716
67.0159
 
447.911
615.462
161.893
24.0829
29.9335
 
415.96
669.479
147.72
-58.2752
121.271
 
689.018
27.3191
299.821
64.4499
329.781
 
686.323
11.8117
67.6173
-35.184
323.574
 
677.549
6.63821
20.113
-11.9234
98.5688
 
572.201
92.69
94.4945
14.3738
119.593
 
575.096
93.3314
66.0366
-21.3884
54.7036
 
276.212
620.42
377.01
36.4303
78.2539
 
237.098
1083.45
604.872
302.986
181.938
 
331.706
733.392
129.506
22.6237
38.723
 
335.12
681.525
113.851
-33.5333
69.4259
 
305.746
631.246
387.883
52.3262
100.452
 
388.252
576.769
306.173
14.2075
55.7376
 
336.549
587.941
82.6452
-13.2303
27.5231
 
340.147
531.58
386.378
-23.7142
30.7881
 
187.073
635.684
306.304
53.4499
23.9337
 
662.22
377.085
2250.38
-200.295
463.859
 
680.753
339.995
704.446
80.9281
128.608
 
675.055
349.464
240.235
83.366
61.0858
 
657.46
409.736
628.899
28.8678
121.498
 
664.85
398.139
46.7853
-9.91896
51.9474
 
622.318
364.926
60.0559
-34.9023
89.577
 
333.479
1152.06
223.81
45.0271
36.1254
 
208.278
607.609
832.79
97.2182
76.2419
 
202.201
599.415
901.34
2.82175
32.3298
 
265.81
892.325
16118.3
3593.32
961.511
 
227.225
703.118
873.174
225.404
111.543
 
283.567
1008.43
8839.85
2247.53
602.589
 
299.882
1079.66
3670.17
1078.52
318.593
 
262.663
916.962
871.769
253.088
121.699
 
268.464
880.716
5675.5
1862.68
728.363
 
292.307
951.772
2226.3
502.719
135.913
 
302.753
998.986
371.977
93.8349
31.1801
 
285.012
922.261
401.363
84.3126
33.7326
 
238.752
790.992
125.362
14.4273
63.4529
 
202.223
724.033
105.169
29.1353
41.5687
 
226.955
659.077
55588
2053.36
3312.4
 
250.507
525.012
67.0473
-82.2022
432.027
 
196.96
808.191
45559.6
9663.11
2154.14
 
285.529
1154.58
440.533
169.04
79.3623
 
253.32
1063.91
260.772
71.5022
29.1095
 
210.795
916.622
1929.29
493.742
133.134
 
154.452
600.468
5474.13
663.174
88.618
 
152.25
595.09
1160.03
112.217
15.6344
 
256.606
472.734
381.751
-281.423
2715.06
 
194.012
477.82
288.461
83.2284
249.665
 
187.069
473.012
50.2417
55.1873
147.554
 
290.564
465.973
276.261
-150.994
1078.68
 
269.472
463.785
294.555
-23.3622
132.769
 
552.075
191.45
975.537
-101.916
296.432
 
551.142
207.537
401.796
-12.0079
235.091
 
548.395
217.992
233.148
73.8387
148.35
 
549.421
224.747
81.5815
-3.55326
70.7026
 
375.582
396.2
429.115
-61.5496
101.622
 
378.151
396.492
273.625
-29.0166
63.2049
 
458.926
459.865
56.6701
2.11737
39.323
 
532.365
366.572
1403.32
142.078
288.487
 
538.665
382.901
786.732
141.771
134.511
 
543.816
405.739
141.691
25.4265
40.2154
 
530.512
350.576
49.3318
2.64851
150.241
 
533.563
310.115
72.8663
-0.0440182
104.167
 
492.657
266.847
61.1279
-14.2394
124.944
 
421.998
347.154
162.424
3.62249
34.6786
 
438.993
299.247
70.315
-18.0364
53.8476
 
436.77
226.701
944.617
-381.36
552.123
 
424.015
243.36
276.857
68.9069
142.677
 
423.231
243.281
258.129
73.9949
71.4515
 
464.974
216.35
210.057
78.9968
73.171
 
401.435
199.285
128.966
-97.8201
113.204
 
439.674
15.9239
121.418
-12.9864
215.344
 
444.312
7.70192
29.1845
2.13141
155.074
 
520.805
39.949
591.531
-112.153
396.365
 
530.864
38.6319
467.705
-67.5022
241.966
 
533.078
34.3413
363.011
-81.3699
131.126
 
536.541
32.9872
174.978
-68.0315
71.9535
 
436.116
78.6684
147.142
-21.4341
56.6919
 
402.22
118.416
465.181
-31.918
61.5679
 
230.524
171.93
15636.6
1648.45
6015.71
 
197.879
420.788
265.046
17.702
48.3753
 
322.669
108.654
177.658
-20.8987
22.5692
 
225.76
288.347
317.332
53.9851
135.923
 
224.479
292.916
144.357
-0.792964
59.1461
 
295.573
320.812
3834.04
-914.545
1582.23
 
360.967
218.778
730.081
-248.763
125.743
 
223.639
344.512
76.5695
-5.30089
50.1322
 
248.56
341.156
83.897
-7.8426
40.3717
 
310.567
368.807
672.495
-278.381
416.132
 
315.285
374.155
174.626
-9.77804
38.487
 
292.597
331.232
74.0787
11.2611
151.274
 
292.181
325.823
34.6446
24.1174
99.6367
 
327.027
63.6066
1095.96
-161.478
960.504
 
359.434
74.3277
193.185
12.0063
31.4249
 
296.986
66.2089
1773.19
-285.91
73.732
 
291.609
92.0303
830.937
-109.261
20.9328
 
265.877
9.85041
40.2379
31.9365
109.382
 
220.072
17.5467
110.079
24.8865
224.914
 
214.704
17.2729
61.1139
21.2356
84.8879
 
222.933
133.795
3272.26
254.555
279.646
 
225.947
217.575
592.351
-23.0662
84.8007
 
213.927
96.9016
909.752
-51.0143
159.802
 
208.608
85.8009
299.473
-10.873
93.2304
 
218.098
388.865
238.121
9.85333
11.8882
 
123.908
133.023
7255.19
922.157
1050.88
 
167.055
52.9577
1080.92
58.6652
7.69091
 
94.169
79.3897
2505.39
382.409
79.4906
 
21.8488
18.0699
173.236
-103.632
251.582
 
11.4611
10.5676
60.6035
-31.9357
70.9275
 
127.723
25.2467
228.26
-18.4167
354.279
 
137.923
113.556
966.317
61.7105
286.148
 
146.906
136.321
451.478
-67.7159
163.4
 
153.446
156.348
111.411
-92.5586
184.964
 
152.417
215.323
566.573
48.0341
195.67
 
156.966
229.597
345.474
-70.4128
146.362
 
164.966
293.941
340.702
41.0381
145.093
 
161.651
303.657
209.351
24.7616
87.8064
 
184.849
23.894
174.263
46.8868
107.236
 
267.634
77.6775
1203.73
-98.6543
213.668
 
284.362
21.3776
90.1888
-62.9653
128
 
275.611
96.5362
915.465
-100.835
60.2503
 
274.357
115.034
538.374
-91.2936
65.9884
 
325.31
194.332
517.459
-125.521
544.49
 
342.789
186.171
396.383
5.60778
198.481
 
191.324
157.372
3433.65
392.216
138.432
 
186.369
109.391
1267.98
207.938
95.1471
 
180.749
94.7261
514.735
25.3325
24.3267
 
177.858
92.2112
566.451
6.00203
7.64356
 
192.27
212.417
614.678
88.4646
56.2202
 
193.886
232.857
137.168
34.4316
43.2758
 
256.781
201.176
457.242
-29.0224
139.703
 
246.945
196.785
186.291
-24.0823
44.5368
 
259.534
279.244
294.128
-7.58387
68.3448
 
201.571
287.525
483.734
50.7039
57.3839
 
322.904
16.0533
86.0505
-14.0556
63.6426
 
174.717
345.671
93.0367
3.32436
108.286
 
170.271
347.954
88.5858
23.2377
63.3441
 
311.631
277.17
318.884
-130.406
332.483
 
326.598
281.214
311.893
-180.683
198.801
 
245.85
611.653
61.2461
16.8851
29.6848
 
378.961
13.0228
60.1622
16.0473
192.911
 
353.455
125.114
88.4335
-25.8341
253.627
 
384.576
63.1895
142.51
-13.7227
60.2649
 
385.923
63.3462
106.226
-3.5753
69.8518
 
409.476
40.2651
382.542
-5.42044
14.382
 
662.859
361.61
106.563
28.0859
31.2534
 
416.438
295.793
78.134
-49.4761
69.8629
 
164.488
400.05
254.952
13.8851
82.3958
 
257.437
404.583
85.988
-7.89406
45.5617
 
205.775
839.228
438.298
100.315
36.7934
 
376.22
231.004
448.41
-119.542
55.2802
 
466.715
254.36
143.133
4.73437
78.3869
 
177.495
450.159
48.0323
-126.486
960.746
 
347.153
393.84
127.151
-34.6138
67.2657
 
523.417
1030.68
127.416
82.9404
173.434
 
267.527
1007.83
285.11
69.6979
40.5197
 
369.763
340.654
118.091
-18.3118
23.4398
 
262.034
420.964
219.537
47.2012
580.166
 
468.107
126.792
364.535
69.077
326.905
 
466.346
124.092
168.675
-6.9075
58.5629
 
624.725
176.518
7101.51
-74.874
3086.16
 
530.551
113.155
160.147
-56.7501
161.204
 
536.131
117.793
99.5387
-48.6086
77.5684
 
501.74
236.049
87.2349
16.9292
44.9027
 
653.333
181.32
3907.38
350.923
1390.18
 
685.901
112.432
137.003
-40.7851
136.933
 
709.641
147.303
123.121
-27.9267
57.6532
 
703.618
220.711
240.708
-44.0249
110.08
 
633.016
219.579
1273.44
10.2589
303.876
 
604.848
316.825
72.9296
45.3554
129.209
 
554.756
273.244
636.486
109.492
396.239
 
565.406
297.402
310.621
-77.0477
40.0446
 
239.58
939.03
3184.3
496.429
175.744
 
225.254
923.589
586.344
147.327
47.6296
 
251.767
941.918
300.249
41.906
35.2591
 
248.853
1011.32
422.073
111.021
42.4826
 
281.126
1093.9
301.47
158.573
173.067
 
269.91
1085.81
302.754
92.4103
35.6605
 
293.723
1150.64
193.124
67.9961
39.1603
 
206.94
741.296
1363.57
75.4153
102.768
 
500.627
1134.53
136.02
4.85545
108.176
 
278.064
801.289
121.074
22.8648
38.8833
 
169.807
603.408
453.399
33.0626
24.3579
 
709.668
412.257
128.952
-21.7867
45.5259
 
298.557
518.567
101.862
-17.106
96.8296
 
307.546
578.976
690.985
-8.4257
107.082
 
227.66
718.275
356.851
77.582
24.6966
 
697.989
449.348
53.0792
-19.7575
135.691
 
409.152
618.421
314.118
0.246305
59.589
 
406.249
609.882
72.0206
-14.6113
33.8964
 
315.687
655.82
99.3808
21.947
64.6005
 
228.697
584.136
1739.55
-35.2721
1184.13
 
260.366
556.238
662.532
-294.902
218.086
 
193.883
555.907
191.006
-36.6755
498.605
 
230.042
638.207
645.968
79.4865
193.541
 
283.321
960.476
3356.74
946.833
294.227
 
302.341
779.818
341.422
71.4297
108.852
 
302.613
789.127
137.841
20.5218
38.87
 
349.966
1174.86
172.822
52.1045
50.949
 
311.879
922.145
5437.35
1203.09
490.218
 
302.393
857.256
302.264
33.0746
282.357
 
291.119
871.94
19.6649
-10.7763
173.799
 
325.339
1013.97
557.301
205.471
100.641
 
405.31
434.602
2221.58
-1124.54
936.027
 
375.378
503.378
74.7717
-11.3624
32.1904
 
403.092
436.826
658.897
-380.298
272.977
 
350.096
605.188
692.176
-105.662
38.6283
 
405.312
1001.28
481.205
85.0967
272.263
 
398.041
987.611
272.374
14.4792
80.7227
 
402.529
995.365
97.5514
-15.7113
44.1549
 
686.742
1063.43
800.546
45.9934
407.981
 
691.093
1049.84
128.755
-21.7039
453.948
 
708.084
1048.78
116.414
-23.3412
47.7765
 
577.14
771.716
120.836
15.8058
28.8331
 
360.911
673.913
251.409
7.73148
26.7758
 
556.138
844.974
81.5494
18.0816
68.0437
 
360.894
811.735
117.275
19.679
31.1839
 
465.567
691.765
15798.5
-4615.42
3107.27
 
485.671
513.673
345.115
-76.9562
45.3655
 
353.631
737.104
111.124
1.68114
38.3757
 
500.527
800.424
1512.07
579.225
311.387
 
515.207
837.166
171.286
12.5284
66.6005
 
483.238
752.474
82.3684
39.616
41.857
 
380.173
779.692
205.866
41.161
61.9667
 
454.176
695.111
8212.85
-3662.46
2114.32
 
392.419
847.986
935.608
-252.49
78.8316
 
432.194
767.975
235.713
17.1534
128.052
 
441.528
772.965
221.543
5.10372
27.3632
 
453.252
701.312
64.0645
-41.9435
90.5158
 
599.716
601.809
186.474
30.2338
80.126
 
632.913
620.371
95.3111
16.8526
47.7231
 
671.362
804.919
6172.18
307.769
1191.1
 
712.383
771.012
254.28
1.65407
20.6048
 
638.107
762.908
326.864
24.2637
33.8925
 
703.21
884.031
357.097
12.8418
89.8558
 
698.061
940.803
114.572
48.8958
133.59
 
632.309
1162.69
142.997
14.9391
18.5039
 
672.648
1232.04
629.634
-400.28
471.051
 
655.104
1254.58
137.352
-11.591
81.9271
 
658.472
1251.02
87.0812
-8.38414
31.1494
 
473.891
1200.32
2667.86
2151.7
3978.4
 
565.932
1221.24
200.347
101.148
81.8108
 
425.86
1175.12
2867.07
1261.42
978.888
 
454.936
1220.86
308.484
-10.0993
130.208
 
406.065
1135.23
1097.1
160.041
346.316
 
425.815
1155.69
172.249
-16.3801
31.5125
 
390.85
1131.92
973.376
-83.6027
161.194
 
379.643
1240.4
594.153
129.482
76.3215
 
375.732
1220.58
117.257
38.0072
56.0738
 
384.474
1266.69
56.5115
33.8233
52.0961
 
135.919
655.363
129877
23270
5039.03
 
206.883
938.91
6863.5
1770.15
504.088
 
202.789
921.085
1199.29
229.994
52.9925
 
288.035
1223.82
901.665
656.225
861.032
 
308.173
1231.97
205.098
51.0785
105.265
 
109.68
422.64
34053.4
3542.3
555.564
 
130.7
567.142
2899.34
276.213
60.904
 
110.384
323.245
6778.25
883.534
226.009
 
123.767
373.615
1663.77
151.119
83.8483
 
134.209
406.669
266.053
0.785305
18.5239
 
128.444
340.974
331.301
45.0115
16.1729
 
