 432.473389 
 768.552856 
 136.203125 
 14.750000 
 238.687500 

 393.986237 
 846.669373 
 70.812500 
 -223.750000 
 812.625000 

 484.238190 
 753.474304 
 41.265625 
 39.593750 
 82.312500 

 381.322021 
 780.880249 
 60.843750 
 39.281250 
 203.562500 

 515.287354 
 833.132507 
 76.906250 
 58.781250 
 341.812500 

 354.630432 
 738.449280 
 36.937500 
 -0.562500 
 107.312500 

 501.511871 
 801.501648 
 313.468750 
 581.281250 
 1516.312500 

 281.350983 
 950.865784 
 253.625000 
 807.562500 
 2874.500000 

 454.819855 
 694.887939 
 2759.312500 
 -4805.531250 
 10531.312500 

 486.468597 
 516.077271 
 45.281250 
 -81.171875 
 345.187500 

 403.600830 
 439.020813 
 274.500000 
 -387.250000 
 682.140625 

 401.315796 
 987.297852 
 54.734375 
 36.937500 
 289.687500 

 638.835510 
 764.148682 
 34.062500 
 25.312500 
 312.625000 

 226.412827 
 922.215454 
 36.816406 
 120.843750 
 508.875000 

 704.910217 
 884.282288 
 88.593750 
 16.812500 
 339.187500 

 713.173828 
 770.363403 
 21.093750 
 1.625000 
 274.562500 

 646.367493 
 800.582336 
 340.031250 
 72.843750 
 1316.937500 

 601.136719 
 601.170410 
 76.093750 
 33.406250 
 201.656250 

 633.984985 
 621.554749 
 45.750000 
 17.156250 
 95.750000 

 426.902985 
 1157.151123 
 30.890625 
 -13.312500 
 169.000000 

 577.842651 
 777.669861 
 31.218750 
 9.656250 
 210.375000 

 361.729095 
 813.649109 
 30.945312 
 14.593750 
 119.500000 

 195.305191 
 882.030823 
 167.308594 
 783.406250 
 3835.937500 

 210.020126 
 845.921509 
 17.726562 
 58.218750 
 346.937500 

 708.912415 
 1049.968262 
 49.062500 
 -26.625000 
 122.500000 

 309.799164 
 1232.797729 
 99.656250 
 53.593750 
 211.000000 

 553.851990 
 850.915588 
 103.500000 
 -58.031250 
 189.875000 

 362.066223 
 674.674683 
 28.476562 
 14.734375 
 262.906250 

 487.791534 
 677.392273 
 5441.156250 
 -6045.375000 
 17226.437500 

 292.272552 
 873.038940 
 162.484375 
 -10.531250 
 19.562500 

 669.727295 
 798.511414 
 1356.812500 
 -40.750000 
 7049.500000 

 692.386414 
 1051.070557 
 449.187500 
 -14.625000 
 132.875000 

 136.424576 
 404.987823 
 22.337891 
 9.156250 
 241.703125 

 129.446060 
 340.710144 
 16.529297 
 45.808594 
 356.890625 

 305.441711 
 1229.753662 
 194.429688 
 189.500000 
 656.500000 

 356.543335 
 127.728798 
 201.992188 
 -14.179688 
 52.385742 

 407.129974 
 1002.149231 
 283.140625 
 78.406250 
 478.812500 

 427.224152 
 1174.848022 
 952.406250 
 1267.718750 
 2873.625000 

 659.471863 
 1252.021729 
 30.968750 
 -8.312500 
 89.000000 

 405.743378 
 435.758026 
 934.703125 
 -1130.984375 
 2176.906250 

 326.845306 
 1016.155945 
 99.578125 
 207.187500 
 568.562500 

 124.959129 
 371.783417 
 98.149414 
 220.867188 
 2064.859375 

 351.119446 
 606.451050 
 38.609375 
 -105.843750 
 688.937500 

 409.203796 
 617.265381 
 39.609375 
 11.703125 
 259.343750 

 292.144287 
 860.195374 
 120.140625 
 10.609375 
 277.500000 

 566.599426 
 1221.383057 
 70.812500 
 90.375000 
 186.250000 

 204.043091 
 930.712341 
 497.304688 
 1751.484375 
 6863.562500 

 655.831177 
 1255.646118 
 86.750000 
 -10.437500 
 137.500000 

 469.137329 
 126.640846 
 75.218750 
 17.703125 
 228.747070 

 568.352966 
 294.632355 
 74.437500 
 -127.515625 
 378.164062 

 134.912796 
 579.955078 
 112.878906 
 523.226562 
 3907.531250 

 623.292603 
 1135.155151 
 764.250000 
 842.000000 
 1319.875000 

 386.458588 
 62.894932 
 53.765625 
 -4.951172 
 103.406738 

 704.508484 
 221.349823 
 108.875000 
 -42.125000 
 240.707031 

 111.194832 
 321.054840 
 251.164062 
 980.875000 
 7351.328125 

 279.550995 
 1092.383545 
 149.351562 
 137.312500 
 279.625000 

 301.288788 
 1233.580078 
 633.484375 
 491.312500 
 837.125000 

 672.973938 
 1234.198608 
 466.968750 
 -397.375000 
 627.375000 

 303.908936 
 789.504578 
 40.828125 
 17.718750 
 126.875000 

 375.626221 
 1220.892334 
 43.531250 
 37.031250 
 116.500000 

 710.301453 
 148.615387 
 54.000000 
 -24.218750 
 91.503906 

 648.387756 
 215.887955 
 1151.937500 
 252.000000 
 1540.464844 

 303.862823 
 858.217468 
 288.968750 
 49.421875 
 315.937500 

 327.232544 
 994.995911 
 182.296875 
 391.218750 
 1498.312500 

 214.836838 
 1073.583130 
 111.726562 
 229.250000 
 682.875000 

 476.232910 
 1201.754761 
 3967.812500 
 2147.812500 
 2719.125000 

 350.492462 
 1175.973633 
 48.671875 
 48.687500 
 169.375000 

 687.161377 
 113.676537 
 135.468750 
 -36.179688 
 138.414062 

 537.421509 
 119.478073 
 75.281250 
 -48.960938 
 93.814453 

 607.921143 
 318.435699 
 122.312500 
 47.656250 
 61.265625 

 556.080994 
 274.569336 
 391.625000 
 107.765625 
 619.835938 

 243.406723 
 734.040344 
 45.933594 
 129.750000 
 1150.500000 

 126.369469 
 514.271057 
 1648.357422 
 9647.269531 
 67066.093750 

 266.586426 
 1185.539795 
 1764.625000 
 2693.750000 
 5214.250000 

 231.068314 
 640.260315 
 190.359375 
 66.500000 
 593.500000 

 304.043457 
 781.237427 
 115.015625 
 75.046875 
 340.187500 

 370.825348 
 1219.763306 
 263.484375 
 537.218750 
 1413.875000 

 654.578796 
 184.248947 
 1401.843750 
 278.375000 
 3764.613281 

 292.601562 
 995.877380 
 410.875000 
 1402.718750 
 5231.937500 

 306.326416 
 560.929321 
 107.929688 
 -84.218750 
 156.593750 

 250.126480 
 1012.045044 
 45.097656 
 115.015625 
 441.000000 

 502.590149 
 237.053650 
 44.078125 
 16.804688 
 88.906250 

 228.611908 
 719.102905 
 24.410156 
 76.890625 
 353.125000 

 231.109390 
 920.075012 
 97.882812 
 55.265625 
 643.375000 

 253.751831 
 946.026428 
 41.699219 
 61.500000 
 364.750000 

 270.220825 
 1010.447937 
 32.156250 
 73.312500 
 274.687500 

 316.940063 
 656.662659 
 66.203125 
 19.515625 
 100.593750 

 299.324982 
 520.083618 
 92.406250 
 -15.500000 
 105.093750 

 308.798309 
 581.337524 
 101.015625 
 3.343750 
 716.531250 

 229.680954 
 582.717041 
 1175.726562 
 29.468750 
 1819.656250 

 295.784241 
 1149.580444 
 42.539062 
 53.031250 
 238.625000 

 279.578613 
 803.955994 
 43.054688 
 32.093750 
 140.687500 

 411.337341 
 622.131531 
 88.609375 
 3.093750 
 345.437500 

 531.612732 
 114.075943 
 160.812500 
 -54.824219 
 158.659180 

 287.060547 
 1108.627075 
 153.820312 
 257.718750 
 1068.375000 

 471.241180 
 128.744514 
 401.437500 
 101.816406 
 352.272461 

 699.599731 
 449.916779 
 142.500000 
 -26.812500 
 56.343750 

 710.654907 
 413.360687 
 45.250000 
 -21.718750 
 128.078125 

 499.543335 
 1131.515259 
 112.343750 
 60.875000 
 253.250000 

 139.959518 
 667.932556 
 5219.802734 
 23759.617188 
 130638.406250 

 205.834473 
 733.688110 
 95.246094 
 29.234375 
 1294.687500 

 306.448395 
 554.994019 
 137.640625 
 79.046875 
 1313.687500 

 171.259293 
 605.644836 
 26.525391 
 36.179688 
 456.906250 

 258.765167 
 1001.742615 
 611.578125 
 1985.875000 
 7961.562500 

 263.487335 
 422.117432 
 587.562500 
 44.562500 
 212.406250 

 315.614075 
 282.964142 
 377.023438 
 -192.593750 
 312.437500 

 613.743896 
 174.832413 
 4431.312500 
 431.054688 
 7202.335938 

 370.809814 
 341.981598 
 23.062500 
 -20.148438 
 116.218750 

 159.986984 
 304.479553 
 29.906250 
 -19.246094 
 204.960938 

 247.572693 
 198.934723 
 42.773438 
 -21.203125 
 178.453125 

 342.759766 
 187.623108 
 214.265625 
 -4.394531 
 390.289062 

 467.838196 
 255.412415 
 79.140625 
 6.000000 
 143.203125 

 207.394714 
 837.388550 
 42.503906 
 90.296875 
 501.437500 

 258.426758 
 405.960205 
 46.398438 
 -5.945312 
 85.093750 

 377.571594 
 231.719620 
 57.765625 
 -122.039062 
 455.675781 

 254.644028 
 207.315216 
 118.703125 
 49.007812 
 350.027344 

 416.718048 
 295.696045 
 85.421875 
 -37.718750 
 85.460938 

 166.019943 
 401.915466 
 78.431641 
 18.937500 
 254.875000 

 171.222839 
 348.985260 
 62.250000 
 22.699219 
 88.875000 

 395.089508 
 57.936069 
 193.031250 
 -134.011719 
 361.603516 

 353.733490 
 128.001778 
 308.078125 
 -85.332031 
 188.473633 

 163.920990 
 299.624695 
 93.562500 
 -13.972656 
 333.554688 

 157.154846 
 233.803162 
 159.154297 
 -53.519531 
 263.539062 

 248.547623 
 617.970581 
 34.578125 
 27.515625 
 134.750000 

 393.773895 
 80.822784 
 2614.328125 
 -1927.916016 
 1979.957031 

 379.283417 
 14.511747 
 211.406250 
 11.097168 
 63.806396 

 275.484406 
 115.387512 
 64.109375 
 -88.654297 
 522.446289 

 178.885345 
 93.747345 
 7.644531 
 6.568359 
 579.887695 

 194.203384 
 232.471497 
 43.558594 
 43.218750 
 176.101562 

 153.984543 
 156.740555 
 186.312500 
 -94.041016 
 114.695312 

 311.421906 
 278.024689 
 334.328125 
 -112.414062 
 329.265625 

 181.666016 
 95.990234 
 23.771484 
 25.798828 
 520.003906 

 147.997269 
 137.460403 
 163.578125 
 -69.851562 
 449.345703 

 276.453644 
 97.964005 
 60.015625 
 -99.621094 
 901.707031 

 187.135284 
 109.921654 
 90.804688 
 196.732422 
 1243.006836 

 193.197723 
 213.074142 
 55.972656 
 89.894531 
 627.546875 

 257.628326 
 281.024139 
 97.890625 
 -1.968750 
 289.929688 

 139.332520 
 40.987820 
 284.787109 
 -104.520508 
 70.730591 

 201.923920 
 289.574890 
 52.777344 
 65.175781 
 468.976562 

 325.835693 
 196.354843 
 547.812500 
 -126.929688 
 536.382812 

 191.547882 
 156.562210 
 119.355469 
 346.683594 
 3367.820312 

 285.455414 
 22.315891 
 127.000000 
 -62.335449 
 90.053314 

 257.784760 
 200.172333 
 138.250000 
 -26.734375 
 537.503906 

 166.028152 
 294.918182 
 145.562500 
 39.957031 
 340.773438 

 235.323669 
 287.523590 
 746.226562 
 -27.437500 
 452.359375 

 175.802094 
 346.807739 
 108.509766 
 3.351562 
 97.546875 

 323.903717 
 17.053333 
 63.359375 
 -14.056152 
 86.050507 

 185.825928 
 24.889875 
 105.003906 
 45.100098 
 173.408875 

 266.916595 
 87.561249 
 176.984375 
 17.357422 
 838.371094 

 153.395950 
 216.237671 
 209.617188 
 64.632812 
 578.593750 

 138.970993 
 114.634491 
 286.714844 
 62.629883 
 967.545898 

 128.841316 
 26.579920 
 360.710938 
 -17.115234 
 232.537292 

 216.125687 
 18.622952 
 82.269531 
 17.342041 
 58.865082 

 314.119141 
 372.290955 
 85.640625 
 -13.789062 
 170.765625 

 210.441956 
 86.988831 
 111.226562 
 -58.093750 
 468.313965 

 216.743027 
 16.664464 
 144.687500 
 -1.583984 
 97.227356 

 360.745819 
 77.474915 
 28.367188 
 13.521484 
 168.249512 

 191.926636 
 482.459320 
 103.492188 
 81.609375 
 183.046875 

 99.937241 
 108.817368 
 178.199219 
 844.979492 
 4766.868164 

 534.359924 
 36.012733 
 134.093750 
 -85.580078 
 390.579712 

 293.576172 
 332.267395 
 150.757812 
 9.960938 
 73.531250 

 267.086548 
 10.986539 
 112.507812 
 29.989502 
 39.201736 

 306.350098 
 21.977867 
 40.445312 
 22.319824 
 145.925049 

 166.376221 
 54.529411 
 42.646484 
 53.831055 
 973.697754 

 292.592010 
 93.553413 
 21.890625 
 -115.437500 
 866.529297 

 217.507172 
 101.734016 
 186.941406 
 13.542969 
 993.998047 

 215.377716 
 388.620758 
 74.132812 
 26.140625 
 200.390625 

 153.401276 
 596.060242 
 16.144531 
 115.570312 
 1197.843750 

 359.182770 
 65.537079 
 60.609375 
 48.558594 
 428.104492 

 296.072937 
 357.639374 
 815.445312 
 -34.375000 
 725.609375 

 279.636230 
 464.733063 
 285.218750 
 -15.546875 
 206.031250 

 362.108459 
 219.369156 
 125.210938 
 -238.164062 
 678.390625 

 254.286575 
 1064.653320 
 29.222656 
 72.875000 
 268.000000 

 661.336975 
 394.156006 
 92.531250 
 48.250000 
 104.984375 

 424.262543 
 244.232208 
 71.265625 
 73.304688 
 257.824219 

 236.633026 
 17.099512 
 683.144531 
 -49.434082 
 108.380096 

 331.252228 
 62.958683 
 1062.562500 
 -209.810547 
 1056.656250 

 203.881729 
 358.904205 
 219.593750 
 423.218750 
 1804.742188 

 544.973694 
 406.954742 
 38.843750 
 24.265625 
 138.718750 

 155.011734 
 598.444763 
 91.943359 
 677.257812 
 5537.718750 

 230.239578 
 981.325806 
 439.089844 
 1526.734375 
 5452.437500 

 659.042358 
 409.563934 
 91.562500 
 -8.687500 
 524.953125 

 239.512909 
 791.182251 
 61.363281 
 11.171875 
 110.312500 

 227.628189 
 104.197723 
 418.878906 
 -146.187500 
 5282.029297 

 126.211830 
 143.001495 
 1023.314453 
 1070.390625 
 8839.757812 

 226.573318 
 289.255676 
 130.320312 
 55.343750 
 320.054688 

 291.961914 
 467.372742 
 1103.148438 
 -164.656250 
 277.531250 

 194.942291 
 479.620026 
 247.085938 
 78.093750 
 297.187500 

 286.710938 
 1154.809326 
 94.554688 
 194.156250 
 511.375000 

 308.396362 
 240.839142 
 1698.687500 
 -2673.039062 
 16661.828125 

 552.267395 
 226.139389 
 85.593750 
 2.015625 
 76.531250 

 303.564270 
 999.419678 
 33.296875 
 100.000000 
 387.812500 

 531.996277 
 39.889210 
 242.281250 
 -67.654297 
 479.041382 

 285.653839 
 712.787476 
 27.203125 
 -16.718750 
 84.687500 

 237.103668 
 183.208084 
 5877.222656 
 1332.234375 
 15287.042969 

 323.587158 
 110.012230 
 22.664062 
 -21.925781 
 181.236328 

 531.544922 
 351.580505 
 150.343750 
 3.750000 
 47.687500 

 543.700439 
 399.023590 
 81.625000 
 36.984375 
 361.390625 

 559.906128 
 963.158997 
 102.250000 
 63.875000 
 126.875000 

 550.432251 
 220.480652 
 158.500000 
 77.453125 
 221.332031 

 257.341827 
 473.202667 
 2784.859375 
 -278.421875 
 362.687500 

 204.727936 
 831.165894 
 2906.519531 
 11959.046875 
 52233.812500 

 198.908096 
 421.961700 
 48.363281 
 16.953125 
 261.156250 

 379.164734 
 397.708801 
 62.406250 
 -28.812500 
 280.765625 

 12.921850 
 1257.901855 
 80.357529 
 74.220703 
 266.000000 

 534.816101 
 311.255035 
 102.562500 
 -1.578125 
 72.046875 

 562.209351 
 965.790649 
 134.781250 
 -35.812500 
 260.625000 

 425.033295 
 244.381378 
 142.328125 
 68.531250 
 276.101562 

 258.954071 
 710.825867 
 59.070312 
 72.515625 
 926.093750 

 678.404175 
 7.568750 
 94.312500 
 -10.252930 
 19.245274 

 244.171814 
 522.758362 
 463.082031 
 41.773438 
 120.406250 

 244.445099 
 612.934326 
 97.273438 
 177.750000 
 1175.843750 

 203.091110 
 600.880432 
 31.367188 
 7.000000 
 899.656250 

 286.003448 
 705.351929 
 79.398438 
 -73.531250 
 272.250000 

 437.086243 
 79.642204 
 56.515625 
 -21.078125 
 146.023926 

 402.435638 
 122.769234 
 73.187500 
 -45.203125 
 546.030273 

 659.157166 
 411.885773 
 138.500000 
 35.125000 
 636.656250 

 22.801966 
 1252.026001 
 250.057037 
 159.365234 
 411.625000 

 445.013519 
 8.921622 
 154.125000 
 -1.263916 
 31.558723 

 466.905487 
 216.371475 
 67.562500 
 96.593750 
 215.023438 

 535.624512 
 368.847351 
 238.500000 
 153.281250 
 1383.812500 

 245.316971 
 811.088501 
 113.757812 
 212.421875 
 748.562500 

 415.713470 
 109.966667 
 413.265625 
 -346.140625 
 772.093750 

 680.766785 
 356.172272 
 138.218750 
 165.906250 
 332.625000 

 552.600830 
 207.322571 
 266.312500 
 -29.195312 
 441.218750 

 293.371857 
 953.229187 
 133.281250 
 494.937500 
 2202.125000 

 436.255157 
 232.083572 
 546.343750 
 -331.453125 
 790.878906 

 521.315979 
 41.545956 
 412.250000 
 -126.392578 
 606.196167 

 538.840210 
 1095.122559 
 149.625000 
 -128.750000 
 285.625000 

 302.370270 
 1084.680176 
 361.601562 
 1188.718750 
 3951.125000 

 568.862671 
 1123.399170 
 126.843750 
 -87.062500 
 567.000000 

 440.542297 
 17.218502 
 211.328125 
 -14.880371 
 125.350342 

 263.157623 
 916.522156 
 134.281250 
 282.640625 
 926.875000 

 491.857605 
 1065.566162 
 416.296875 
 16.531250 
 98.750000 

 12.304348 
 11.391304 
 68.309113 
 -30.546921 
 58.481674 

 258.254059 
 162.486237 
 11930.914062 
 -1736.156250 
 14687.535156 

 664.717896 
 387.491577 
 406.625000 
 -288.859375 
 1689.062500 

 688.888489 
 9.541347 
 281.250000 
 -17.268066 
 29.632904 

 332.566132 
 734.245178 
 38.968750 
 23.156250 
 132.500000 

 38.760323 
 1174.334351 
 774.651733 
 1134.210938 
 6096.500000 

 389.063477 
 578.351562 
 56.156250 
 11.328125 
 312.281250 

 576.346680 
 94.286575 
 51.375000 
 -23.406250 
 66.893555 

 492.212128 
 268.325745 
 172.437500 
 -24.625000 
 71.164062 

 203.255463 
 724.818481 
 40.847656 
 27.828125 
 110.156250 

 422.977417 
 348.095490 
 33.781250 
 5.125000 
 163.632812 

 344.070953 
 938.121399 
 22.625000 
 -20.343750 
 307.062500 

 440.143585 
 300.006744 
 52.562500 
 -16.875000 
 68.250000 

 448.856659 
 616.471680 
 30.062500 
 23.875000 
 160.750000 

 502.942596 
 973.301331 
 98.921875 
 10.343750 
 170.312500 

 554.427795 
 964.372864 
 397.125000 
 95.937500 
 325.500000 

 487.988220 
 1064.756470 
 520.515625 
 -121.500000 
 322.000000 

 431.513824 
 251.575333 
 650.578125 
 -704.000000 
 2562.257812 

 692.913940 
 22.244898 
 346.593750 
 97.008789 
 258.826447 

 553.633118 
 1119.093628 
 448.187500 
 113.437500 
 778.250000 

 21.721010 
 18.849598 
 236.174774 
 -105.103363 
 176.350525 

 459.216278 
 459.695343 
 59.125000 
 13.312500 
 127.687500 

 516.848633 
 714.797729 
 88.125000 
 7.375000 
 75.031250 

 236.799744 
 1083.493652 
 182.050781 
 300.593750 
 571.375000 

 50.303242 
 1098.644043 
 1351.106445 
 2635.988281 
 18083.500000 

 341.409943 
 533.161682 
 29.453125 
 -24.156250 
 389.375000 

 336.726868 
 593.069824 
 35.804688 
 -33.453125 
 163.906250 

 414.853821 
 1245.154663 
 67.421875 
 57.437500 
 80.000000 

 521.359436 
 351.913452 
 583.875000 
 432.750000 
 2335.109375 

 351.327881 
 868.814209 
 71.437500 
 13.593750 
 77.500000 

 376.601105 
 397.153687 
 101.375000 
 -61.171875 
 429.390625 

 228.356567 
 704.543457 
 112.781250 
 227.984375 
 877.312500 

 268.846283 
 880.432617 
 731.101562 
 1879.203125 
 5708.187500 

 369.088226 
 1020.009827 
 78.015625 
 17.156250 
 235.875000 

 378.007843 
 1069.154297 
 71.546875 
 55.718750 
 139.625000 

 293.895020 
 1038.159180 
 869.687500 
 2975.250000 
 10666.250000 

 229.528381 
 673.515930 
 3458.906250 
 3363.359375 
 57348.906250 

 308.193176 
 643.203430 
 46.921875 
 -11.281250 
 571.468750 

 335.246094 
 680.929688 
 75.335938 
 -29.265625 
 157.375000 

 275.326904 
 806.002563 
 79.687500 
 65.703125 
 759.125000 

 362.179626 
 1135.252197 
 27.093750 
 13.125000 
 326.375000 

 551.634338 
 189.042770 
 356.500000 
 -96.929688 
 1052.550781 

 270.766754 
 908.195374 
 1133.664062 
 4303.046875 
 18887.125000 

 208.797470 
 609.781799 
 86.460938 
 101.156250 
 827.500000 

 163.612839 
 775.760681 
 8.250000 
 -23.929688 
 985.437500 

 537.975525 
 965.467834 
 820.250000 
 -84.468750 
 753.687500 

 581.357239 
 1038.668091 
 93.750000 
 21.937500 
 180.875000 

 521.499817 
 1095.836914 
 1575.750000 
 628.187500 
 1334.500000 

 410.888672 
 1249.694336 
 92.515625 
 46.062500 
 143.625000 

 433.279816 
 569.546875 
 171.562500 
 28.796875 
 87.718750 

 444.159210 
 620.365601 
 68.500000 
 17.625000 
 260.656250 

 417.887360 
 673.663696 
 116.750000 
 -30.875000 
 218.500000 

 435.556580 
 959.267090 
 77.125000 
 92.781250 
 291.750000 

 657.687378 
 373.116821 
 753.031250 
 -89.078125 
 2211.656250 

 321.584442 
 660.139709 
 279.328125 
 322.296875 
 896.156250 

 329.525848 
 736.300842 
 55.421875 
 14.328125 
 355.937500 

 277.459045 
 621.148010 
 78.265625 
 38.312500 
 380.062500 

 292.673340 
 1016.984680 
 46.835938 
 122.343750 
 427.562500 

 385.597778 
 571.467712 
 97.687500 
 84.234375 
 546.250000 

 334.268951 
 562.189209 
 126.914062 
 -130.718750 
 1163.593750 

 187.968430 
 636.305603 
 24.332031 
 51.328125 
 308.687500 

 520.403870 
 711.106567 
 185.968750 
 93.718750 
 456.937500 

 232.952972 
 1073.917847 
 386.210938 
 671.359375 
 1285.250000 

 66.188354 
 986.075562 
 2374.699707 
 5689.007812 
 47411.375000 

 324.757202 
 693.892334 
 208.562500 
 361.765625 
 2279.281250 

 573.066956 
 93.585327 
 121.593750 
 13.960938 
 96.692383 

 681.733765 
 32.260008 
 760.125000 
 299.001953 
 505.826538 

 331.197113 
 813.493896 
 67.804688 
 -8.656250 
 124.187500 

 351.913391 
 870.778687 
 100.320312 
 74.312500 
 318.937500 

 164.640411 
 805.069519 
 15.326172 
 108.578125 
 2905.000000 

 274.247406 
 705.465149 
 261.843750 
 15.203125 
 733.000000 

 341.653961 
 935.210449 
 49.359375 
 9.187500 
 379.937500 

 435.195740 
 811.898560 
 43.750000 
 -3.343750 
 48.937500 

 711.839233 
 1265.557373 
 32.312500 
 5.000000 
 71.875000 

 429.553528 
 615.803345 
 245.781250 
 -252.500000 
 2587.031250 

 280.834076 
 807.274658 
 161.468750 
 91.078125 
 900.187500 

 343.512909 
 868.929565 
 139.734375 
 54.250000 
 3119.687500 

 362.322205 
 1141.614746 
 97.492188 
 241.218750 
 1171.625000 

 368.881195 
 1031.073364 
 134.187500 
 214.000000 
 1105.500000 

 513.737671 
 1036.235107 
 2314.906250 
 234.625000 
 5820.750000 

 408.308197 
 1244.882324 
 128.328125 
 112.281250 
 444.625000 

 243.756577 
 609.541870 
 105.746094 
 143.218750 
 976.906250 

 681.509155 
 199.711212 
 99.531250 
 -37.171875 
 205.261719 

 162.863632 
 790.957397 
 52.417969 
 485.531250 
 6240.812500 

 541.564514 
 783.408081 
 112.218750 
 -64.468750 
 481.562500 

 522.669800 
 707.504944 
 375.468750 
 31.281250 
 556.156250 

 697.112976 
 1183.008301 
 180.625000 
 5.625000 
 47.875000 

 626.400513 
 1223.326416 
 132.531250 
 2.062500 
 99.250000 

 619.060608 
 1268.271606 
 111.687500 
 21.750000 
 66.375000 

 617.948792 
 1067.434570 
 33.437500 
 21.937500 
 159.875000 

 698.407959 
 1252.549683 
 171.125000 
 -36.250000 
 309.375000 

 552.829285 
 671.690186 
 83.093750 
 -35.656250 
 62.687500 

 617.165100 
 952.585388 
 41.218750 
 29.500000 
 107.312500 

 639.178650 
 678.802185 
 40.281250 
 10.875000 
 156.375000 

 597.351929 
 807.801575 
 11.968750 
 17.687500 
 403.250000 

 631.976562 
 878.846558 
 35.187500 
 31.375000 
 112.937500 

 419.106262 
 1190.870972 
 139.687500 
 233.218750 
 443.625000 

 370.301270 
 724.055115 
 42.921875 
 25.593750 
 237.906250 

 532.149597 
 726.604431 
 488.218750 
 205.593750 
 2050.437500 

 637.315430 
 674.248108 
 119.687500 
 29.312500 
 242.312500 

 435.987518 
 814.678650 
 140.906250 
 69.000000 
 124.062500 

 702.601990 
 827.594055 
 86.250000 
 28.000000 
 53.625000 

 459.674713 
 768.824463 
 45.312500 
 106.156250 
 406.687500 

